
network aGrUM_BN {
   property version 1.0;
   property author aGrUM;
}

variable sdb_douche {
   type discrete[3] {pas_de_salle_d_eau, une_salle_d_eau, plus_d_une_salle_d_eau};
}

variable neuf {
   type discrete[2] {pas_neuf, neuf};
}

variable maiseta {
   type discrete[5] {maison, RC, etage_1_ou_2, etage_3_ou_4, etage_superieur};
}

variable cuisine {
   type discrete[3] {pas_de_cuisine, cuisine_de_moins_de_9_m2, autres_cas};
}

variable chauffage_central {
   type discrete[2] {pas_de_chauffage_central, chauffage_central};
}

variable surfhab_nbpieceprinc_d080207 {
   type discrete[3] {surface_moyenne_inf_10, surface_moyenne_in_11_12, surface_moyenne_sup_13};
}

variable distecolesprives {
   type discrete[5] {0, 1, 2, 3, 4};
}

variable indicateur_iris {
   type discrete[5] {0, 1, 2, 3, 4};
}

variable txcadre_da {
   type discrete[5] {tx_inf_15, tx_in_15_23, tx_in_23_30, tx_in_30_35, tx_sup_35};
}

variable indicateur_qd {
   type discrete[5] {0, 1, 2, 3, 4};
}

variable ascenseur {
   type discrete[2] {pas_d_ascenseur, ascenseur};
}

variable nbpieceprinc_d080207 {
   type discrete[4] {nb_inf_3, nb_in_4_5, nb_in_6_7, nb_sup_8};
}

variable distzruzus {
   type discrete[3] {0, 1, 2};
}

variable indicateur_ql {
   type discrete[5] {0, 1, 2, 3, 4};
}

variable surfhab_d5 {
   type discrete[5] {surfhab_1, surfhab_2, surfhab_3, surfhab_4, surfhab_5};
}

variable entretien {
   type discrete[4] {0, 1, 2, 3};
}

variable ancimm {
   type discrete[4] {delta_inf_6, delta_in_6_26, delta_in_26_51, delta_sup_51};
}

variable distlignetram {
   type discrete[5] {d_inf_100, d_in_100_200, d_in_200_300, d_in_300_400, d_sup_400};
}

variable txchom_da {
   type discrete[4] {tx_inf_9, tx_in_9_13, tx_in_13_20, tx_sup_20};
}

variable tx1pers_da {
   type discrete[5] {tx_inf_28, tx_in_28_40, tx_in_40_49, tx_in_49_61, tx_sup_61};
}

variable surfhab_surftot_d080208 {
   type discrete[9] {0, 1, 2, 3, 4, 5, 6, 7, 8};
}

variable prixttc_surftot_constants_d10 {
   type discrete[10] {prixttc_1, prixttc_2, prixttc_3, prixttc_4, prixttc_5, prixttc_6, prixttc_7, prixttc_8, prixttc_9, prixttc_10};
}

variable txact_da {
   type discrete[5] {tx_inf_41, tx_in_41_48, tx_in_48_59, tx_in_59_65, tx_sup_59};
}

variable bacplus2etplus_da {
   type discrete[5] {tx_inf_13, tx_in_13_22, tx_in_22_28, tx_in_28_40, tx_sup_40};
}

variable tx5persetplus_da {
   type discrete[4] {tx_inf_3, tx_in_3_14, tx_in_14_25, tx_sup_25};
}

variable encoursetude_da {
   type discrete[5] {tx_inf_15, tx_in_15_20, tx_in_20_28, tx_in_28_40, tx_sup_40};
}

variable nbpersparmenage_da {
   type discrete[4] {nb_inf_1_5, nb_in_1_5__2_2, nb_in_2_2__2_6, nb_sup_2_6};
}

variable txouvrier_da {
   type discrete[5] {tx_inf_6, tx_in_6_20, tx_in_20_28, tx_in_28_35, tx_sup_35};
}

probability (sdb_douche | cuisine, indicateur_ql, entretien) {
   (pas_de_cuisine, 0, 0) 0.0952381 0.428571 0.47619;
   (cuisine_de_moins_de_9_m2, 0, 0) 0.415094 0.283019 0.301887;
   (autres_cas, 0, 0) 0.482759 0.252874 0.264368;
   (pas_de_cuisine, 1, 0) 1 0 0;
   (cuisine_de_moins_de_9_m2, 1, 0) 0.4 0 0.6;
   (autres_cas, 1, 0) 0.153846 0.423077 0.423077;
   (pas_de_cuisine, 2, 0) 0.666667 0.333333 0;
   (cuisine_de_moins_de_9_m2, 2, 0) 0.567797 0.254237 0.177966;
   (autres_cas, 2, 0) 0.611111 0.388889 0;
   (pas_de_cuisine, 3, 0) 0.166667 0.5 0.333333;
   (cuisine_de_moins_de_9_m2, 3, 0) 0.5 0.347826 0.152174;
   (autres_cas, 3, 0) 0.526316 0.406015 0.0676692;
   (pas_de_cuisine, 4, 0) 1 0 0;
   (cuisine_de_moins_de_9_m2, 4, 0) 0 1 0;
   (autres_cas, 4, 0) 0 0 1;
   (pas_de_cuisine, 0, 1) 0.0450704 0.422535 0.532394;
   (cuisine_de_moins_de_9_m2, 0, 1) 0.0447316 0.355865 0.599404;
   (autres_cas, 0, 1) 0.188235 0.320362 0.491403;
   (pas_de_cuisine, 1, 1) 0.5 0 0.5;
   (cuisine_de_moins_de_9_m2, 1, 1) 0.9 0 0.1;
   (autres_cas, 1, 1) 0.0708333 0.4875 0.441667;
   (pas_de_cuisine, 2, 1) 0.595238 0.214286 0.190476;
   (cuisine_de_moins_de_9_m2, 2, 1) 0.241837 0.452041 0.306122;
   (autres_cas, 2, 1) 0.250295 0.414404 0.335301;
   (pas_de_cuisine, 3, 1) 0 0.287879 0.712121;
   (cuisine_de_moins_de_9_m2, 3, 1) 0.233813 0.730216 0.0359712;
   (autres_cas, 3, 1) 0.264943 0.582391 0.152666;
   (pas_de_cuisine, 4, 1) 0.5 0.5 0;
   (cuisine_de_moins_de_9_m2, 4, 1) 0.330218 0.669782 0;
   (autres_cas, 4, 1) 0 0 0;
   (pas_de_cuisine, 0, 2) 0.0491803 0.377049 0.57377;
   (cuisine_de_moins_de_9_m2, 0, 2) 0.0634196 0.481481 0.455099;
   (autres_cas, 0, 2) 0.0826224 0.436462 0.480916;
   (pas_de_cuisine, 1, 2) 0 1 0;
   (cuisine_de_moins_de_9_m2, 1, 2) 0 0.82 0.18;
   (autres_cas, 1, 2) 0.0202276 0.436157 0.543616;
   (pas_de_cuisine, 2, 2) 0.134615 0.576923 0.288462;
   (cuisine_de_moins_de_9_m2, 2, 2) 0.0631365 0.584521 0.352342;
   (autres_cas, 2, 2) 0.0866935 0.711694 0.201613;
   (pas_de_cuisine, 3, 2) 0.12 0.3225 0.5575;
   (cuisine_de_moins_de_9_m2, 3, 2) 0.0337079 0.485955 0.480337;
   (autres_cas, 3, 2) 0.00457666 0.98627 0.00915332;
   (pas_de_cuisine, 4, 2) 0.205298 0.794702 0;
   (cuisine_de_moins_de_9_m2, 4, 2) 0.136054 0.863946 0;
   (autres_cas, 4, 2) 0 0 1;
   (pas_de_cuisine, 0, 3) 0.0791667 0.45 0.470833;
   (cuisine_de_moins_de_9_m2, 0, 3) 0.00386572 0.585758 0.410376;
   (autres_cas, 0, 3) 0.00433944 0.614754 0.380906;
   (pas_de_cuisine, 1, 3) 0.0117417 0.604697 0.383562;
   (cuisine_de_moins_de_9_m2, 1, 3) 0 0.745958 0.254042;
   (autres_cas, 1, 3) 0.000255102 0.753571 0.246173;
   (pas_de_cuisine, 2, 3) 0 0.926829 0.0731707;
   (cuisine_de_moins_de_9_m2, 2, 3) 0 0.454034 0.545966;
   (autres_cas, 2, 3) 0.0180723 0.868223 0.113705;
   (pas_de_cuisine, 3, 3) 0.0407674 0.816946 0.142286;
   (cuisine_de_moins_de_9_m2, 3, 3) 0.000290529 0.907031 0.0926787;
   (autres_cas, 3, 3) 0.005 0.891818 0.103182;
   (pas_de_cuisine, 4, 3) 1 0 0;
   (cuisine_de_moins_de_9_m2, 4, 3) 1 0 0;
   (autres_cas, 4, 3) 0 0.581454 0.418546;
}
probability (neuf | ancimm) {
   (delta_inf_6) 0.135126 0.864874;
   (delta_in_6_26) 0.997432 0.00256776;
   (delta_in_26_51) 0.999816 0.000183908;
   (delta_sup_51) 0.995931 0.00406918;
}
probability (maiseta | nbpieceprinc_d080207, indicateur_ql) {
   (nb_inf_3, 0) 0.143422 0.415584 0.280632 0.148504 0.0118577;
   (nb_in_4_5, 0) 0.405784 0.332737 0.220632 0.039356 0.00149076;
   (nb_in_6_7, 0) 0.884615 0.0692641 0.0414585 0.004662 0;
   (nb_sup_8, 0) 0.953638 0.0196394 0.0257566 0.000965872 0;
   (nb_inf_3, 1) 0 0.107399 0.248922 0.414512 0.229167;
   (nb_in_4_5, 1) 0 0.086177 0.196935 0.385772 0.331116;
   (nb_in_6_7, 1) 0 0.00356295 0.0308789 0.470309 0.495249;
   (nb_sup_8, 1) 0 0.0178571 0.116071 0.4375 0.428571;
   (nb_inf_3, 2) 0.142686 0.0683453 0.131894 0.48801 0.169065;
   (nb_in_4_5, 2) 0.154212 0.00305707 0.180367 0.483696 0.178668;
   (nb_in_6_7, 2) 0.230041 0.000591366 0.133057 0.419279 0.217031;
   (nb_sup_8, 2) 0.428571 0 0.0408163 0.3 0.230612;
   (nb_inf_3, 3) 0 0.203379 0.659194 0.103314 0.0341131;
   (nb_in_4_5, 3) 0 0.115201 0.72198 0.0931587 0.0696611;
   (nb_in_6_7, 3) 0 0.0747045 0.673759 0.111584 0.139953;
   (nb_sup_8, 3) 0 0.0197628 0.956522 0.0158103 0.00790514;
   (nb_inf_3, 4) 0 0.136664 0.826579 0.0367578 0;
   (nb_in_4_5, 4) 0 0.157159 0.826542 0.016298 0;
   (nb_in_6_7, 4) 0 0.0413437 0.956072 0.00258398 0;
   (nb_sup_8, 4) 0 0.107692 0.892308 0 0;
}
probability (cuisine | surfhab_nbpieceprinc_d080207, indicateur_ql) {
   (surface_moyenne_inf_10, 0) 0.378738 0.415282 0.20598;
   (surface_moyenne_in_11_12, 0) 0.0375738 0.413312 0.549114;
   (surface_moyenne_sup_13, 0) 0.0178667 0.689817 0.292316;
   (surface_moyenne_inf_10, 1) 0.0528109 0.0599091 0.88728;
   (surface_moyenne_in_11_12, 1) 0.0898693 0.209695 0.700436;
   (surface_moyenne_sup_13, 1) 1 0 0;
   (surface_moyenne_inf_10, 2) 0.142857 0.857143 0;
   (surface_moyenne_in_11_12, 2) 0.0731707 0.205285 0.721545;
   (surface_moyenne_sup_13, 2) 0.0130837 0.385266 0.601651;
   (surface_moyenne_inf_10, 3) 0.610169 0.38983 0;
   (surface_moyenne_in_11_12, 3) 0.140421 0.271579 0.588;
   (surface_moyenne_sup_13, 3) 0.187293 0.589607 0.2231;
   (surface_moyenne_inf_10, 4) 0 0 1;
   (surface_moyenne_in_11_12, 4) 0.0140845 0 0.985915;
   (surface_moyenne_sup_13, 4) 0.188235 0.811765 0;
}
probability (chauffage_central | ascenseur, entretien, sdb_douche) {
   (pas_d_ascenseur, 0, pas_de_salle_d_eau) 0.905085 0.0949153;
   (ascenseur, 0, pas_de_salle_d_eau) 0 0;
   (pas_d_ascenseur, 1, pas_de_salle_d_eau) 0.832661 0.167339;
   (ascenseur, 1, pas_de_salle_d_eau) 0 1;
   (pas_d_ascenseur, 2, pas_de_salle_d_eau) 0.642753 0.357247;
   (ascenseur, 2, pas_de_salle_d_eau) 0 1;
   (pas_d_ascenseur, 3, pas_de_salle_d_eau) 0.511364 0.488636;
   (ascenseur, 3, pas_de_salle_d_eau) 0.476923 0.523077;
   (pas_d_ascenseur, 0, une_salle_d_eau) 0.594737 0.405263;
   (ascenseur, 0, une_salle_d_eau) 0 1;
   (pas_d_ascenseur, 1, une_salle_d_eau) 0.245575 0.754425;
   (ascenseur, 1, une_salle_d_eau) 0 1;
   (pas_d_ascenseur, 2, une_salle_d_eau) 0.14676 0.85324;
   (ascenseur, 2, une_salle_d_eau) 0.0254777 0.974522;
   (pas_d_ascenseur, 3, une_salle_d_eau) 0.0329014 0.967099;
   (ascenseur, 3, une_salle_d_eau) 0.00770899 0.992291;
   (pas_d_ascenseur, 0, plus_d_une_salle_d_eau) 0.6 0.4;
   (ascenseur, 0, plus_d_une_salle_d_eau) 0 0;
   (pas_d_ascenseur, 1, plus_d_une_salle_d_eau) 0.247486 0.752514;
   (ascenseur, 1, plus_d_une_salle_d_eau) 0 1;
   (pas_d_ascenseur, 2, plus_d_une_salle_d_eau) 0.17659 0.82341;
   (ascenseur, 2, plus_d_une_salle_d_eau) 0 1;
   (pas_d_ascenseur, 3, plus_d_une_salle_d_eau) 0.0351643 0.964836;
   (ascenseur, 3, plus_d_une_salle_d_eau) 0.00262054 0.997379;
}
probability (surfhab_nbpieceprinc_d080207 | indicateur_ql, entretien, tx1pers_da) {
   (0, 0, tx_inf_28) 0.307692 0.461538 0.230769;
   (1, 0, tx_inf_28) 0 1 0;
   (2, 0, tx_inf_28) 0 0 1;
   (3, 0, tx_inf_28) 0 0.6 0.4;
   (4, 0, tx_inf_28) 0 0 0;
   (0, 1, tx_inf_28) 0.0940171 0.760684 0.145299;
   (1, 1, tx_inf_28) 1 0 0;
   (2, 1, tx_inf_28) 0 0.0213904 0.97861;
   (3, 1, tx_inf_28) 0 0.125 0.875;
   (4, 1, tx_inf_28) 0 0 1;
   (0, 2, tx_inf_28) 0.0157171 0.40668 0.577603;
   (1, 2, tx_inf_28) 1 0 0;
   (2, 2, tx_inf_28) 0 0.27451 0.72549;
   (3, 2, tx_inf_28) 0 0.435897 0.564103;
   (4, 2, tx_inf_28) 0 0 1;
   (0, 3, tx_inf_28) 0.00591043 0.30757 0.68652;
   (1, 3, tx_inf_28) 0.19171 0.80829 0;
   (2, 3, tx_inf_28) 0 0.044 0.956;
   (3, 3, tx_inf_28) 0.00197239 0.285996 0.712032;
   (4, 3, tx_inf_28) 0.8 0.2 0;
   (0, 0, tx_in_28_40) 0.0232558 0.860465 0.116279;
   (1, 0, tx_in_28_40) 1 0 0;
   (2, 0, tx_in_28_40) 0 0 1;
   (3, 0, tx_in_28_40) 0 0.392857 0.607143;
   (4, 0, tx_in_28_40) 0.2 0 0.8;
   (0, 1, tx_in_28_40) 0.176471 0.696594 0.126935;
   (1, 1, tx_in_28_40) 0.909091 0.0909091 0;
   (2, 1, tx_in_28_40) 0 0.0157233 0.984277;
   (3, 1, tx_in_28_40) 0 0.425287 0.574713;
   (4, 1, tx_in_28_40) 0 0 1;
   (0, 2, tx_in_28_40) 0.0678733 0.427149 0.504977;
   (1, 2, tx_in_28_40) 0.680412 0.319588 0;
   (2, 2, tx_in_28_40) 0 0.668293 0.331707;
   (3, 2, tx_in_28_40) 0 0.809859 0.190141;
   (4, 2, tx_in_28_40) 0 0.181818 0.818182;
   (0, 3, tx_in_28_40) 0.0383693 0.352518 0.609113;
   (1, 3, tx_in_28_40) 0.220366 0.779634 0;
   (2, 3, tx_in_28_40) 0 0.0203252 0.979675;
   (3, 3, tx_in_28_40) 0.000729927 0.368613 0.630657;
   (4, 3, tx_in_28_40) 0.582524 0.407767 0.00970874;
   (0, 0, tx_in_40_49) 0.263158 0.684211 0.0526316;
   (1, 0, tx_in_40_49) 1 0 0;
   (2, 0, tx_in_40_49) 0 0 1;
   (3, 0, tx_in_40_49) 0 0.666667 0.333333;
   (4, 0, tx_in_40_49) 0 0 0;
   (0, 1, tx_in_40_49) 0.155807 0.711048 0.133144;
   (1, 1, tx_in_40_49) 0.840708 0.159292 0;
   (2, 1, tx_in_40_49) 0 0.0857988 0.914201;
   (3, 1, tx_in_40_49) 0 0.646809 0.353191;
   (4, 1, tx_in_40_49) 0 0 1;
   (0, 2, tx_in_40_49) 0.048951 0.425574 0.525475;
   (1, 2, tx_in_40_49) 0.834646 0.165354 0;
   (2, 2, tx_in_40_49) 0 0.458015 0.541985;
   (3, 2, tx_in_40_49) 0 0.801324 0.198675;
   (4, 2, tx_in_40_49) 0 0 1;
   (0, 3, tx_in_40_49) 0.101983 0.284703 0.613314;
   (1, 3, tx_in_40_49) 0.397036 0.602964 0;
   (2, 3, tx_in_40_49) 0 0.0307102 0.96929;
   (3, 3, tx_in_40_49) 0.00411039 0.370523 0.625367;
   (4, 3, tx_in_40_49) 0.874016 0.106299 0.019685;
   (0, 0, tx_in_49_61) 0.462687 0.402985 0.134328;
   (1, 0, tx_in_49_61) 0.740741 0.185185 0.0740741;
   (2, 0, tx_in_49_61) 0.0208333 0.0208333 0.958333;
   (3, 0, tx_in_49_61) 0.0285714 0.578571 0.392857;
   (4, 0, tx_in_49_61) 0 0 1;
   (0, 1, tx_in_49_61) 0.207006 0.585987 0.207006;
   (1, 1, tx_in_49_61) 0.840617 0.159383 0;
   (2, 1, tx_in_49_61) 0 0.214286 0.785714;
   (3, 1, tx_in_49_61) 0 0.517364 0.482636;
   (4, 1, tx_in_49_61) 0 0.00387597 0.996124;
   (0, 2, tx_in_49_61) 0.138304 0.349369 0.512327;
   (1, 2, tx_in_49_61) 0.926591 0.0734095 0;
   (2, 2, tx_in_49_61) 0.000801282 0.242788 0.75641;
   (3, 2, tx_in_49_61) 0 0.706004 0.293996;
   (4, 2, tx_in_49_61) 0.0597015 0.0021322 0.938166;
   (0, 3, tx_in_49_61) 0.195686 0.244992 0.559322;
   (1, 3, tx_in_49_61) 0.382078 0.617922 0;
   (2, 3, tx_in_49_61) 0 0.0470738 0.952926;
   (3, 3, tx_in_49_61) 0.0162315 0.39132 0.592449;
   (4, 3, tx_in_49_61) 0.878788 0.117845 0.003367;
   (0, 0, tx_sup_61) 0.578947 0.421053 0;
   (1, 0, tx_sup_61) 1 0 0;
   (2, 0, tx_sup_61) 0 0 1;
   (3, 0, tx_sup_61) 0 0.269231 0.730769;
   (4, 0, tx_sup_61) 0 0 1;
   (0, 1, tx_sup_61) 0.145631 0.446602 0.407767;
   (1, 1, tx_sup_61) 0.909091 0.0909091 0;
   (2, 1, tx_sup_61) 0.0384615 0.207692 0.753846;
   (3, 1, tx_sup_61) 0 0.426357 0.573643;
   (4, 1, tx_sup_61) 0 0 1;
   (0, 2, tx_sup_61) 0.339806 0.23301 0.427184;
   (1, 2, tx_sup_61) 0.948718 0.0512821 0;
   (2, 2, tx_sup_61) 0 0.171642 0.828358;
   (3, 2, tx_sup_61) 0 0.54 0.46;
   (4, 2, tx_sup_61) 0 0 1;
   (0, 3, tx_sup_61) 0.0848214 0.459821 0.455357;
   (1, 3, tx_sup_61) 0.524345 0.475655 0;
   (2, 3, tx_sup_61) 0 0 1;
   (3, 3, tx_sup_61) 0 0.63048 0.36952;
   (4, 3, tx_sup_61) 0.821918 0.143836 0.0342466;
}
probability (distecolesprives | tx1pers_da, bacplus2etplus_da) {
   (tx_inf_28, tx_inf_13) 0 0.0026087 0 0.182609 0.814783;
   (tx_in_28_40, tx_inf_13) 0 0 0.00370828 0.0457355 0.950556;
   (tx_in_40_49, tx_inf_13) 0 0 0 0.9 0.1;
   (tx_in_49_61, tx_inf_13) 0 0 0.483974 0.451923 0.0641026;
   (tx_sup_61, tx_inf_13) 0 0 0 0 0;
   (tx_inf_28, tx_in_13_22) 0.0189873 0.0139677 0.0224793 0.0960279 0.848538;
   (tx_in_28_40, tx_in_13_22) 0.0364372 0.0464238 0.0869096 0.273414 0.556815;
   (tx_in_40_49, tx_in_13_22) 0.0039984 0 0.0059976 0.496601 0.493403;
   (tx_in_49_61, tx_in_13_22) 0.0458063 0.0266171 0.103374 0.414423 0.40978;
   (tx_sup_61, tx_in_13_22) 0 0 0 0.964758 0.0352423;
   (tx_inf_28, tx_in_22_28) 0.111782 0.0271903 0.0845921 0.132931 0.643505;
   (tx_in_28_40, tx_in_22_28) 0 0 0.417417 0.561562 0.021021;
   (tx_in_40_49, tx_in_22_28) 0 0.0255272 0.405105 0.550499 0.0188679;
   (tx_in_49_61, tx_in_22_28) 0.0217319 0.0454697 0.251755 0.418923 0.26212;
   (tx_sup_61, tx_in_22_28) 0 0 0.0306122 0.935374 0.0340136;
   (tx_inf_28, tx_in_28_40) 0 0 0 0 1;
   (tx_in_28_40, tx_in_28_40) 0.0161725 0.0098832 0.0512129 0.5885 0.334232;
   (tx_in_40_49, tx_in_28_40) 0.0539299 0.0461911 0.199516 0.525272 0.175091;
   (tx_in_49_61, tx_in_28_40) 0.146296 0.0958489 0.139377 0.464543 0.153935;
   (tx_sup_61, tx_in_28_40) 0 0.0138122 0.18232 0.627072 0.176796;
   (tx_inf_28, tx_sup_40) 0 0.00724638 0 0.0144928 0.978261;
   (tx_in_28_40, tx_sup_40) 0 0 0.00482509 0.447527 0.547648;
   (tx_in_40_49, tx_sup_40) 0 0 0 0 0;
   (tx_in_49_61, tx_sup_40) 0.0421053 0.0482173 0.123599 0.544991 0.241087;
   (tx_sup_61, tx_sup_40) 0 0.0710227 0.03125 0.897727 0;
}
probability (indicateur_iris | txcadre_da) {
   (tx_inf_15) 0 0.136788 0.0241912 0.409775 0.429246;
   (tx_in_15_23) 0.14205 0.566919 0.0447904 0.112723 0.133518;
   (tx_in_23_30) 0.692571 0.104527 0.202901 0 0;
   (tx_in_30_35) 0.425484 0.0641425 0.429461 0.0809129 0;
   (tx_sup_35) 0.52927 0.0814725 0.389258 0 0;
}
probability (txcadre_da | txact_da, bacplus2etplus_da) {
   (tx_inf_41, tx_inf_13) 0 0 0 0 0;
   (tx_in_41_48, tx_inf_13) 0 0 0 0 0;
   (tx_in_48_59, tx_inf_13) 0.995475 0.00452489 0 0 0;
   (tx_in_59_65, tx_inf_13) 1 0 0 0 0;
   (tx_sup_59, tx_inf_13) 1 0 0 0 0;
   (tx_inf_41, tx_in_13_22) 0 0.0879957 0.912004 0 0;
   (tx_in_41_48, tx_in_13_22) 0.460187 0.531616 0 0.00819672 0;
   (tx_in_48_59, tx_in_13_22) 0.531284 0.468716 0 0 0;
   (tx_in_59_65, tx_in_13_22) 0.812341 0.187659 0 0 0;
   (tx_sup_59, tx_in_13_22) 1 0 0 0 0;
   (tx_inf_41, tx_in_22_28) 0 1 0 0 0;
   (tx_in_41_48, tx_in_22_28) 0 0 0.373913 0.626087 0;
   (tx_in_48_59, tx_in_22_28) 0 0.406548 0.593452 0 0;
   (tx_in_59_65, tx_in_22_28) 0 0.640483 0.359517 0 0;
   (tx_sup_59, tx_in_22_28) 0 0 0 0 0;
   (tx_inf_41, tx_in_28_40) 0 0 0 1 0;
   (tx_in_41_48, tx_in_28_40) 0 0.180128 0 0.399187 0.420686;
   (tx_in_48_59, tx_in_28_40) 0 0.0519065 0.505904 0.305535 0.136654;
   (tx_in_59_65, tx_in_28_40) 0 0.349893 0.650107 0 0;
   (tx_sup_59, tx_in_28_40) 0 0 0 0 0;
   (tx_inf_41, tx_sup_40) 1 0 0 0 0;
   (tx_in_41_48, tx_sup_40) 0 0 1 0 0;
   (tx_in_48_59, tx_sup_40) 0 0 0.372427 0.210601 0.416972;
   (tx_in_59_65, tx_sup_40) 0 0 0 1 0;
   (tx_sup_59, tx_sup_40) 0 0 0 1 0;
}
probability (indicateur_qd | distlignetram, distecolesprives, distzruzus) {
   (d_inf_100, 0, 0) 0 0 0 0 0;
   (d_in_100_200, 0, 0) 0 0 0 0 0;
   (d_in_200_300, 0, 0) 0 0 0 0 0;
   (d_in_300_400, 0, 0) 0 0 0 0 0;
   (d_sup_400, 0, 0) 0 0.984375 0 0 0.015625;
   (d_inf_100, 1, 0) 0 0 0 0 0;
   (d_in_100_200, 1, 0) 0 0 0 0 0;
   (d_in_200_300, 1, 0) 0 0 0 0 0;
   (d_in_300_400, 1, 0) 0 0 0 0 0;
   (d_sup_400, 1, 0) 0.25 0.75 0 0 0;
   (d_inf_100, 2, 0) 1 0 0 0 0;
   (d_in_100_200, 2, 0) 0 0 1 0 0;
   (d_in_200_300, 2, 0) 0.0769231 0 0.923077 0 0;
   (d_in_300_400, 2, 0) 0 0 1 0 0;
   (d_sup_400, 2, 0) 0.04375 0.6875 0 0 0.26875;
   (d_inf_100, 3, 0) 0.00684932 0 0.993151 0 0;
   (d_in_100_200, 3, 0) 0.00591716 0 0.994083 0 0;
   (d_in_200_300, 3, 0) 0 0 1 0 0;
   (d_in_300_400, 3, 0) 0 0 0.25 0.0833333 0.666667;
   (d_sup_400, 3, 0) 0.049676 0.0917927 0 0 0.858531;
   (d_inf_100, 4, 0) 0 0 0 0 0;
   (d_in_100_200, 4, 0) 0 0 0 0 0;
   (d_in_200_300, 4, 0) 0 0 0 0 0;
   (d_in_300_400, 4, 0) 0.5 0 0 0.166667 0.333333;
   (d_sup_400, 4, 0) 0.244365 0 0.252669 0.00118624 0.501779;
   (d_inf_100, 0, 1) 0 0 0 0 0;
   (d_in_100_200, 0, 1) 0 0 0 0 0;
   (d_in_200_300, 0, 1) 0 0 0 0 0;
   (d_in_300_400, 0, 1) 0 0 0 0 0;
   (d_sup_400, 0, 1) 0 1 0 0 0;
   (d_inf_100, 1, 1) 0 0 0 0 0;
   (d_in_100_200, 1, 1) 0 0 0 0 0;
   (d_in_200_300, 1, 1) 0 0 0 0 0;
   (d_in_300_400, 1, 1) 0 0 0 0 0;
   (d_sup_400, 1, 1) 0.39726 0.60274 0 0 0;
   (d_inf_100, 2, 1) 0 0 1 0 0;
   (d_in_100_200, 2, 1) 0 0 1 0 0;
   (d_in_200_300, 2, 1) 0 0 1 0 0;
   (d_in_300_400, 2, 1) 0 0 0 0 0;
   (d_sup_400, 2, 1) 0.579918 0.420082 0 0 0;
   (d_inf_100, 3, 1) 0 0 1 0 0;
   (d_in_100_200, 3, 1) 0 0.00680272 0.993197 0 0;
   (d_in_200_300, 3, 1) 0 0 1 0 0;
   (d_in_300_400, 3, 1) 0.989011 0 0 0 0.010989;
   (d_sup_400, 3, 1) 0.939519 0.00869925 0 0 0.0517813;
   (d_inf_100, 4, 1) 0.00326797 0.996732 0 0 0;
   (d_in_100_200, 4, 1) 0 0.904523 0 0.0954774 0;
   (d_in_200_300, 4, 1) 0 0 0.186047 0.813953 0;
   (d_in_300_400, 4, 1) 1 0 0 0 0;
   (d_sup_400, 4, 1) 0.193901 0 0.806099 0 0;
   (d_inf_100, 0, 2) 0 0 0 0 1;
   (d_in_100_200, 0, 2) 0 0 0 0 1;
   (d_in_200_300, 0, 2) 0 0 0 0 1;
   (d_in_300_400, 0, 2) 0 0 0 0 0;
   (d_sup_400, 0, 2) 0 1 0 0 0;
   (d_inf_100, 1, 2) 0 0 0 0 1;
   (d_in_100_200, 1, 2) 0 0 0 0 1;
   (d_in_200_300, 1, 2) 0 0 0 0 1;
   (d_in_300_400, 1, 2) 0.12931 0 0 0 0.87069;
   (d_sup_400, 1, 2) 0.152197 0.847803 0 0 0;
   (d_inf_100, 2, 2) 0.946667 0.04 0.0133333 0 0;
   (d_in_100_200, 2, 2) 0.942446 0 0.00719424 0 0.0503597;
   (d_in_200_300, 2, 2) 0.0430464 0 0.00331126 0.768212 0.18543;
   (d_in_300_400, 2, 2) 1 0 0 0 0;
   (d_sup_400, 2, 2) 0.286697 0.713303 0 0 0;
   (d_inf_100, 3, 2) 0.365503 0.0297741 0.526694 0.0780287 0;
   (d_in_100_200, 3, 2) 0.0848656 0.268741 0.53041 0.115983 0;
   (d_in_200_300, 3, 2) 0.103325 0 0.368171 0.504751 0.023753;
   (d_in_300_400, 3, 2) 0.98341 0 0.0165899 0 0;
   (d_sup_400, 3, 2) 0.83176 0.0742745 0.0939659 0 0;
   (d_inf_100, 4, 2) 0 0.541927 0 0.458073 0;
   (d_in_100_200, 4, 2) 0 0.49115 0 0.50885 0;
   (d_in_200_300, 4, 2) 0 0 0 1 0;
   (d_in_300_400, 4, 2) 0.502693 0 0.141831 0.342908 0.0125673;
   (d_sup_400, 4, 2) 0.272008 0 0.169398 0.558594 0;
}
probability (ascenseur | entretien, ancimm, maiseta) {
   (0, delta_inf_6, maison) 0 0;
   (1, delta_inf_6, maison) 1 0;
   (2, delta_inf_6, maison) 1 0;
   (3, delta_inf_6, maison) 0.983294 0.0167064;
   (0, delta_in_6_26, maison) 1 0;
   (1, delta_in_6_26, maison) 1 0;
   (2, delta_in_6_26, maison) 1 0;
   (3, delta_in_6_26, maison) 0.998584 0.00141643;
   (0, delta_in_26_51, maison) 1 0;
   (1, delta_in_26_51, maison) 1 0;
   (2, delta_in_26_51, maison) 0.998946 0.00105374;
   (3, delta_in_26_51, maison) 0.998506 0.00149402;
   (0, delta_sup_51, maison) 1 0;
   (1, delta_sup_51, maison) 1 0;
   (2, delta_sup_51, maison) 1 0;
   (3, delta_sup_51, maison) 0.996441 0.00355872;
   (0, delta_inf_6, RC) 0 0;
   (1, delta_inf_6, RC) 1 0;
   (2, delta_inf_6, RC) 1 0;
   (3, delta_inf_6, RC) 0.617587 0.382413;
   (0, delta_in_6_26, RC) 0 0;
   (1, delta_in_6_26, RC) 1 0;
   (2, delta_in_6_26, RC) 1 0;
   (3, delta_in_6_26, RC) 0.588613 0.411387;
   (0, delta_in_26_51, RC) 1 0;
   (1, delta_in_26_51, RC) 1 0;
   (2, delta_in_26_51, RC) 0.854077 0.145923;
   (3, delta_in_26_51, RC) 0.679012 0.320988;
   (0, delta_sup_51, RC) 1 0;
   (1, delta_sup_51, RC) 1 0;
   (2, delta_sup_51, RC) 0.996403 0.00359712;
   (3, delta_sup_51, RC) 0.850649 0.149351;
   (0, delta_inf_6, etage_1_ou_2) 1 0;
   (1, delta_inf_6, etage_1_ou_2) 1 0;
   (2, delta_inf_6, etage_1_ou_2) 1 0;
   (3, delta_inf_6, etage_1_ou_2) 0.525408 0.474592;
   (0, delta_in_6_26, etage_1_ou_2) 0 0;
   (1, delta_in_6_26, etage_1_ou_2) 0.925926 0.0740741;
   (2, delta_in_6_26, etage_1_ou_2) 0.92233 0.0776699;
   (3, delta_in_6_26, etage_1_ou_2) 0.361281 0.638719;
   (0, delta_in_26_51, etage_1_ou_2) 0 0;
   (1, delta_in_26_51, etage_1_ou_2) 0.921348 0.0786517;
   (2, delta_in_26_51, etage_1_ou_2) 0.797583 0.202417;
   (3, delta_in_26_51, etage_1_ou_2) 0.456253 0.543747;
   (0, delta_sup_51, etage_1_ou_2) 1 0;
   (1, delta_sup_51, etage_1_ou_2) 0.997885 0.0021148;
   (2, delta_sup_51, etage_1_ou_2) 0.984303 0.0156968;
   (3, delta_sup_51, etage_1_ou_2) 0.804233 0.195767;
   (0, delta_inf_6, etage_3_ou_4) 0 0;
   (1, delta_inf_6, etage_3_ou_4) 1 0;
   (2, delta_inf_6, etage_3_ou_4) 0.941176 0.0588235;
   (3, delta_inf_6, etage_3_ou_4) 0.238017 0.761983;
   (0, delta_in_6_26, etage_3_ou_4) 0 0;
   (1, delta_in_6_26, etage_3_ou_4) 1 0;
   (2, delta_in_6_26, etage_3_ou_4) 0.878049 0.121951;
   (3, delta_in_6_26, etage_3_ou_4) 0.172754 0.827246;
   (0, delta_in_26_51, etage_3_ou_4) 1 0;
   (1, delta_in_26_51, etage_3_ou_4) 0.860465 0.139535;
   (2, delta_in_26_51, etage_3_ou_4) 0.801147 0.198853;
   (3, delta_in_26_51, etage_3_ou_4) 0.353737 0.646263;
   (0, delta_sup_51, etage_3_ou_4) 0.974359 0.025641;
   (1, delta_sup_51, etage_3_ou_4) 1 0;
   (2, delta_sup_51, etage_3_ou_4) 0.958188 0.0418118;
   (3, delta_sup_51, etage_3_ou_4) 0.68718 0.312821;
   (0, delta_inf_6, etage_superieur) 0 0;
   (1, delta_inf_6, etage_superieur) 1 0;
   (2, delta_inf_6, etage_superieur) 1 0;
   (3, delta_inf_6, etage_superieur) 0.204969 0.795031;
   (0, delta_in_6_26, etage_superieur) 0 0;
   (1, delta_in_6_26, etage_superieur) 0 0;
   (2, delta_in_6_26, etage_superieur) 1 0;
   (3, delta_in_6_26, etage_superieur) 0.0997643 0.900236;
   (0, delta_in_26_51, etage_superieur) 1 0;
   (1, delta_in_26_51, etage_superieur) 0.75 0.25;
   (2, delta_in_26_51, etage_superieur) 0.420118 0.579882;
   (3, delta_in_26_51, etage_superieur) 0.0588534 0.941147;
   (0, delta_sup_51, etage_superieur) 1 0;
   (1, delta_sup_51, etage_superieur) 0.995495 0.0045045;
   (2, delta_sup_51, etage_superieur) 0.937743 0.0622568;
   (3, delta_sup_51, etage_superieur) 0.59375 0.40625;
}
probability (nbpieceprinc_d080207 | cuisine) {
   (pas_de_cuisine) 0.929642 0.0596886 0.00922722 0.00144175;
   (cuisine_de_moins_de_9_m2) 0.0915309 0.333948 0.405674 0.168847;
   (autres_cas) 0.241425 0.486497 0.21219 0.0598875;
}
probability (distzruzus) {
   default 0.0614208 0.169544 0.769035;
}
probability (indicateur_ql | distzruzus, tx1pers_da, distecolesprives) {
   (0, tx_inf_28, 0) 0 0 0 0 0;
   (1, tx_inf_28, 0) 0.666667 0 0 0.333333 0;
   (2, tx_inf_28, 0) 0.7 0 0.26 0.04 0;
   (0, tx_in_28_40, 0) 0.125 0.21875 0 0.59375 0.0625;
   (1, tx_in_28_40, 0) 0.550562 0.134831 0.0561798 0.247191 0.011236;
   (2, tx_in_28_40, 0) 0 0 0 0 0;
   (0, tx_in_40_49, 0) 0 0 0 0 0;
   (1, tx_in_40_49, 0) 0.181818 0.181818 0.0181818 0.2 0.418182;
   (2, tx_in_40_49, 0) 0.373984 0.0813008 0.252033 0.227642 0.0650406;
   (0, tx_in_49_61, 0) 0 0 0 0 0;
   (1, tx_in_49_61, 0) 0.208633 0.510791 0.0359712 0.0863309 0.158273;
   (2, tx_in_49_61, 0) 0.239077 0.21352 0.150041 0.322341 0.0750206;
   (0, tx_sup_61, 0) 0 0 0 0 0;
   (1, tx_sup_61, 0) 0 0 0 0 0;
   (2, tx_sup_61, 0) 0 0 0 0 0;
   (0, tx_inf_28, 1) 0 0 0 0 0;
   (1, tx_inf_28, 1) 0 0 0 1 0;
   (2, tx_inf_28, 1) 0.733333 0.0133333 0.0133333 0.24 0;
   (0, tx_in_28_40, 1) 0.214286 0.0714286 0 0.714286 0;
   (1, tx_in_28_40, 1) 0.322785 0.189873 0.164557 0.272152 0.0506329;
   (2, tx_in_28_40, 1) 0.909091 0 0.0909091 0 0;
   (0, tx_in_40_49, 1) 0.5 0 0.5 0 0;
   (1, tx_in_40_49, 1) 0.466667 0 0.2 0.2 0.133333;
   (2, tx_in_40_49, 1) 0.177665 0.218274 0.269036 0.243655 0.0913706;
   (0, tx_in_49_61, 1) 1 0 0 0 0;
   (1, tx_in_49_61, 1) 0.511628 0 0.0697674 0.255814 0.162791;
   (2, tx_in_49_61, 1) 0.246436 0.130346 0.189409 0.358452 0.0753564;
   (0, tx_sup_61, 1) 0 0 0 0 0;
   (1, tx_sup_61, 1) 0 0 0 0 0;
   (2, tx_sup_61, 1) 0.142857 0.142857 0.0857143 0.628571 0;
   (0, tx_inf_28, 2) 0 0 0 0 0;
   (1, tx_inf_28, 2) 0 0 0 0 0;
   (2, tx_inf_28, 2) 0.908397 0 0.0229008 0.0687023 0;
   (0, tx_in_28_40, 2) 0.0442478 0 0.106195 0.849558 0;
   (1, tx_in_28_40, 2) 0.291667 0.305556 0.0763889 0.1875 0.138889;
   (2, tx_in_28_40, 2) 0.458955 0.171642 0.302239 0.0671642 0;
   (0, tx_in_40_49, 2) 0.371429 0.171429 0.142857 0.285714 0.0285714;
   (1, tx_in_40_49, 2) 0.198718 0.490385 0.169872 0.105769 0.0352564;
   (2, tx_in_40_49, 2) 0.165501 0.265734 0.162005 0.33683 0.0699301;
   (0, tx_in_49_61, 2) 0.108696 0.543478 0.0217391 0.326087 0;
   (1, tx_in_49_61, 2) 0.5 0.0375 0.1 0.325 0.0375;
   (2, tx_in_49_61, 2) 0.181573 0.190439 0.201619 0.346569 0.0797995;
   (0, tx_sup_61, 2) 0 0 0 0 0;
   (1, tx_sup_61, 2) 0 0 0 0 0;
   (2, tx_sup_61, 2) 0.100559 0.234637 0.24581 0.318436 0.100559;
   (0, tx_inf_28, 3) 0.368932 0.038835 0.0485437 0.543689 0;
   (1, tx_inf_28, 3) 0.32 0.04 0.06 0.58 0;
   (2, tx_inf_28, 3) 0.792661 0.100917 0.0422018 0.0568807 0.00733945;
   (0, tx_in_28_40, 3) 0.291444 0.275401 0.0989305 0.331551 0.0026738;
   (1, tx_in_28_40, 3) 0.535147 0.0884354 0.124717 0.197279 0.0544218;
   (2, tx_in_28_40, 3) 0.399862 0.232735 0.129834 0.209254 0.0283149;
   (0, tx_in_40_49, 3) 0.349593 0.237805 0.166667 0.235772 0.0101626;
   (1, tx_in_40_49, 3) 0.257958 0.174533 0.162459 0.342481 0.0625686;
   (2, tx_in_40_49, 3) 0.264162 0.183661 0.204532 0.293381 0.0542636;
   (0, tx_in_49_61, 3) 0.201657 0.190608 0.190608 0.331492 0.0856354;
   (1, tx_in_49_61, 3) 0.177199 0.296159 0.118959 0.345725 0.0619579;
   (2, tx_in_49_61, 3) 0.252258 0.190418 0.208021 0.26634 0.0829634;
   (0, tx_sup_61, 3) 0 0 0 0 0;
   (1, tx_sup_61, 3) 0 0 0 0 0;
   (2, tx_sup_61, 3) 0.189564 0.257539 0.130685 0.290091 0.132121;
   (0, tx_inf_28, 4) 0.8 0 0.111111 0.0888889 0;
   (1, tx_inf_28, 4) 0.744186 0.0325581 0.0418605 0.153488 0.027907;
   (2, tx_inf_28, 4) 0.80253 0.0288595 0.086776 0.0751137 0.0067207;
   (0, tx_in_28_40, 4) 0.329688 0.214062 0.176563 0.23125 0.0484375;
   (1, tx_in_28_40, 4) 0.601863 0.119907 0.105937 0.132712 0.0395809;
   (2, tx_in_28_40, 4) 0.359649 0.241921 0.0900277 0.275623 0.0327793;
   (0, tx_in_40_49, 4) 0.4375 0 0.3125 0.25 0;
   (1, tx_in_40_49, 4) 0.544304 0.0379747 0.207595 0.16962 0.0405063;
   (2, tx_in_40_49, 4) 0.283535 0.193897 0.115702 0.328036 0.0788303;
   (0, tx_in_49_61, 4) 0.660194 0.0291262 0.0679612 0.203883 0.038835;
   (1, tx_in_49_61, 4) 0.173309 0.266914 0.0880445 0.428174 0.0435589;
   (2, tx_in_49_61, 4) 0.264942 0.228134 0.161808 0.267857 0.0772595;
   (0, tx_sup_61, 4) 0 0 0 0 0;
   (1, tx_sup_61, 4) 0 0 0 0 0;
   (2, tx_sup_61, 4) 0.170455 0.193182 0.284091 0.278409 0.0738636;
}
probability (surfhab_d5 | maiseta, surfhab_nbpieceprinc_d080207, nbpieceprinc_d080207) {
   (maison, surface_moyenne_inf_10, nb_inf_3) 1 0 0 0 0;
   (RC, surface_moyenne_inf_10, nb_inf_3) 1 0 0 0 0;
   (etage_1_ou_2, surface_moyenne_inf_10, nb_inf_3) 1 0 0 0 0;
   (etage_3_ou_4, surface_moyenne_inf_10, nb_inf_3) 1 0 0 0 0;
   (etage_superieur, surface_moyenne_inf_10, nb_inf_3) 1 0 0 0 0;
   (maison, surface_moyenne_in_11_12, nb_inf_3) 0.765306 0.234694 0 0 0;
   (RC, surface_moyenne_in_11_12, nb_inf_3) 0.828892 0.171108 0 0 0;
   (etage_1_ou_2, surface_moyenne_in_11_12, nb_inf_3) 0.806633 0.193367 0 0 0;
   (etage_3_ou_4, surface_moyenne_in_11_12, nb_inf_3) 0.807552 0.192448 0 0 0;
   (etage_superieur, surface_moyenne_in_11_12, nb_inf_3) 0.808511 0.191489 0 0 0;
   (maison, surface_moyenne_sup_13, nb_inf_3) 0.10396 0.574257 0.242574 0.0643564 0.0148515;
   (RC, surface_moyenne_sup_13, nb_inf_3) 0.520522 0.384328 0.0895522 0.00559701 0;
   (etage_1_ou_2, surface_moyenne_sup_13, nb_inf_3) 0.410833 0.493333 0.0816667 0.0125 0.00166667;
   (etage_3_ou_4, surface_moyenne_sup_13, nb_inf_3) 0.369775 0.501608 0.106109 0.0192926 0.00321543;
   (etage_superieur, surface_moyenne_sup_13, nb_inf_3) 0.336957 0.597826 0.0652174 0 0;
   (maison, surface_moyenne_inf_10, nb_in_4_5) 0.245455 0.754545 0 0 0;
   (RC, surface_moyenne_inf_10, nb_in_4_5) 0.422886 0.577114 0 0 0;
   (etage_1_ou_2, surface_moyenne_inf_10, nb_in_4_5) 0.409639 0.590361 0 0 0;
   (etage_3_ou_4, surface_moyenne_inf_10, nb_in_4_5) 0.453052 0.546948 0 0 0;
   (etage_superieur, surface_moyenne_inf_10, nb_in_4_5) 0.45 0.55 0 0 0;
   (maison, surface_moyenne_in_11_12, nb_in_4_5) 0 0.411335 0.588665 0 0;
   (RC, surface_moyenne_in_11_12, nb_in_4_5) 0 0.778153 0.221847 0 0;
   (etage_1_ou_2, surface_moyenne_in_11_12, nb_in_4_5) 0 0.681193 0.318807 0 0;
   (etage_3_ou_4, surface_moyenne_in_11_12, nb_in_4_5) 0 0.676293 0.323707 0 0;
   (etage_superieur, surface_moyenne_in_11_12, nb_in_4_5) 0 0.590164 0.409836 0 0;
   (maison, surface_moyenne_sup_13, nb_in_4_5) 0 0.0215889 0.409326 0.432642 0.136442;
   (RC, surface_moyenne_sup_13, nb_in_4_5) 0 0.0851582 0.644769 0.220195 0.0498783;
   (etage_1_ou_2, surface_moyenne_sup_13, nb_in_4_5) 0 0.0571977 0.558541 0.314012 0.0702495;
   (etage_3_ou_4, surface_moyenne_sup_13, nb_in_4_5) 0 0.0765484 0.526792 0.337509 0.059151;
   (etage_superieur, surface_moyenne_sup_13, nb_in_4_5) 0 0.0696721 0.605191 0.29235 0.0327869;
   (maison, surface_moyenne_inf_10, nb_in_6_7) 0 0.133333 0.866667 0 0;
   (RC, surface_moyenne_inf_10, nb_in_6_7) 0 0.5 0.5 0 0;
   (etage_1_ou_2, surface_moyenne_inf_10, nb_in_6_7) 0 0.333333 0.666667 0 0;
   (etage_3_ou_4, surface_moyenne_inf_10, nb_in_6_7) 0 0.102564 0.897436 0 0;
   (etage_superieur, surface_moyenne_inf_10, nb_in_6_7) 0 0.0133333 0.986667 0 0;
   (maison, surface_moyenne_in_11_12, nb_in_6_7) 0 0 0.291946 0.708054 0;
   (RC, surface_moyenne_in_11_12, nb_in_6_7) 0 0 0.521008 0.478992 0;
   (etage_1_ou_2, surface_moyenne_in_11_12, nb_in_6_7) 0 0 0.475168 0.524832 0;
   (etage_3_ou_4, surface_moyenne_in_11_12, nb_in_6_7) 0 0 0.544538 0.455462 0;
   (etage_superieur, surface_moyenne_in_11_12, nb_in_6_7) 0 0 0.501355 0.498645 0;
   (maison, surface_moyenne_sup_13, nb_in_6_7) 0 0 0 0.401687 0.598313;
   (RC, surface_moyenne_sup_13, nb_in_6_7) 0 0 0 0.431429 0.568571;
   (etage_1_ou_2, surface_moyenne_sup_13, nb_in_6_7) 0 0 0 0.507926 0.492074;
   (etage_3_ou_4, surface_moyenne_sup_13, nb_in_6_7) 0 0 0 0.595109 0.404891;
   (etage_superieur, surface_moyenne_sup_13, nb_in_6_7) 0 0 0 0.558176 0.441824;
   (maison, surface_moyenne_inf_10, nb_sup_8) 0 0 0.25 0.5 0.25;
   (RC, surface_moyenne_inf_10, nb_sup_8) 0 0 0 1 0;
   (etage_1_ou_2, surface_moyenne_inf_10, nb_sup_8) 0 0.25 0.25 0.5 0;
   (etage_3_ou_4, surface_moyenne_inf_10, nb_sup_8) 0 0 0 1 0;
   (etage_superieur, surface_moyenne_inf_10, nb_sup_8) 0 0 0 1 0;
   (maison, surface_moyenne_in_11_12, nb_sup_8) 0 0 0 0.251366 0.748634;
   (RC, surface_moyenne_in_11_12, nb_sup_8) 0 0 0 0 1;
   (etage_1_ou_2, surface_moyenne_in_11_12, nb_sup_8) 0 0 0 0.216667 0.783333;
   (etage_3_ou_4, surface_moyenne_in_11_12, nb_sup_8) 0 0 0 0.0153846 0.984615;
   (etage_superieur, surface_moyenne_in_11_12, nb_sup_8) 0 0 0 0.318182 0.681818;
   (maison, surface_moyenne_sup_13, nb_sup_8) 0 0 0 0 1;
   (RC, surface_moyenne_sup_13, nb_sup_8) 0 0 0 0 1;
   (etage_1_ou_2, surface_moyenne_sup_13, nb_sup_8) 0 0 0 0 1;
   (etage_3_ou_4, surface_moyenne_sup_13, nb_sup_8) 0 0 0 0 1;
   (etage_superieur, surface_moyenne_sup_13, nb_sup_8) 0 0 0 0 1;
}
probability (entretien | ancimm) {
   (delta_inf_6) 0.000689417 0.0127542 0.0296449 0.956911;
   (delta_in_6_26) 9.51022e-05 0.00561103 0.0203519 0.973942;
   (delta_in_26_51) 0.00257471 0.0247356 0.233195 0.739494;
   (delta_sup_51) 0.0359868 0.463632 0.432223 0.0681587;
}
probability (ancimm | tx1pers_da, txact_da) {
   (tx_inf_28, tx_inf_41) 0.00617284 0.388889 0.555556 0.0493827;
   (tx_in_28_40, tx_inf_41) 0.0409836 0.114754 0.516393 0.327869;
   (tx_in_40_49, tx_inf_41) 0 0.144201 0.739812 0.115987;
   (tx_in_49_61, tx_inf_41) 0.103089 0.212355 0.286873 0.397683;
   (tx_sup_61, tx_inf_41) 0.837398 0.0447154 0.0284553 0.0894309;
   (tx_inf_28, tx_in_41_48) 0 0 0 0;
   (tx_in_28_40, tx_in_41_48) 0.0242291 0.213656 0.625551 0.136564;
   (tx_in_40_49, tx_in_41_48) 0.046748 0.214431 0.384146 0.354675;
   (tx_in_49_61, tx_in_41_48) 0.165125 0.235139 0.0871863 0.51255;
   (tx_sup_61, tx_in_41_48) 0.110242 0.378378 0.0753912 0.435989;
   (tx_inf_28, tx_in_48_59) 0.0826963 0.406532 0.355803 0.154969;
   (tx_in_28_40, tx_in_48_59) 0.0389445 0.176421 0.519472 0.265163;
   (tx_in_40_49, tx_in_48_59) 0.0428351 0.268934 0.387724 0.300508;
   (tx_in_49_61, tx_in_48_59) 0.0767034 0.181328 0.14952 0.592449;
   (tx_sup_61, tx_in_48_59) 0.204353 0.245466 0.0580411 0.49214;
   (tx_inf_28, tx_in_59_65) 0.0555193 0.689745 0.193991 0.0607446;
   (tx_in_28_40, tx_in_59_65) 0.0250232 0.291937 0.403151 0.279889;
   (tx_in_40_49, tx_in_59_65) 0.0317549 0.325348 0.147632 0.495265;
   (tx_in_49_61, tx_in_59_65) 0.0206452 0.0890323 0.043871 0.846452;
   (tx_sup_61, tx_in_59_65) 0 0 0 0;
   (tx_inf_28, tx_sup_59) 0.0467532 0.818182 0.132468 0.0025974;
   (tx_in_28_40, tx_sup_59) 0.0104712 0.811518 0.146597 0.0314136;
   (tx_in_40_49, tx_sup_59) 0 0 0 0;
   (tx_in_49_61, tx_sup_59) 0 0 0 0;
   (tx_sup_61, tx_sup_59) 0 0 0 0;
}
probability (distlignetram | distzruzus) {
   (0) 0.0598047 0.0756713 0.037022 0.00854353 0.818959;
   (1) 0.0759027 0.055269 0.0726603 0.0266765 0.769492;
   (2) 0.0673252 0.0583247 0.0681375 0.0721341 0.734079;
}
probability (txchom_da) {
   default 0.311777 0.44314 0.216697 0.0283865;
}
probability (tx1pers_da | encoursetude_da, txcadre_da, txchom_da) {
   (tx_inf_15, tx_inf_15, tx_inf_9) 1 0 0 0 0;
   (tx_in_15_20, tx_inf_15, tx_inf_9) 1 0 0 0 0;
   (tx_in_20_28, tx_inf_15, tx_inf_9) 0 0 0 0 0;
   (tx_in_28_40, tx_inf_15, tx_inf_9) 0 0 0 0 0;
   (tx_sup_40, tx_inf_15, tx_inf_9) 0 0 0 0 0;
   (tx_inf_15, tx_in_15_23, tx_inf_9) 1 0 0 0 0;
   (tx_in_15_20, tx_in_15_23, tx_inf_9) 0.611301 0.388699 0 0 0;
   (tx_in_20_28, tx_in_15_23, tx_inf_9) 0 0 0 0 0;
   (tx_in_28_40, tx_in_15_23, tx_inf_9) 0 0 0 0 0;
   (tx_sup_40, tx_in_15_23, tx_inf_9) 0 0 0 0 0;
   (tx_inf_15, tx_in_23_30, tx_inf_9) 0.0523364 0.947664 0 0 0;
   (tx_in_15_20, tx_in_23_30, tx_inf_9) 0.138051 0 0.861949 0 0;
   (tx_in_20_28, tx_in_23_30, tx_inf_9) 0 0 0 1 0;
   (tx_in_28_40, tx_in_23_30, tx_inf_9) 0 0.322467 0.584141 0 0.0933921;
   (tx_sup_40, tx_in_23_30, tx_inf_9) 0 0 0 1 0;
   (tx_inf_15, tx_in_30_35, tx_inf_9) 0.0161725 0.983827 0 0 0;
   (tx_in_15_20, tx_in_30_35, tx_inf_9) 0 0.223729 0.776271 0 0;
   (tx_in_20_28, tx_in_30_35, tx_inf_9) 0 0 0 0 0;
   (tx_in_28_40, tx_in_30_35, tx_inf_9) 0 0 0.0130597 0.98694 0;
   (tx_sup_40, tx_in_30_35, tx_inf_9) 0 0 0 0.625 0.375;
   (tx_inf_15, tx_sup_35, tx_inf_9) 0 0 0 1 0;
   (tx_in_15_20, tx_sup_35, tx_inf_9) 1 0 0 0 0;
   (tx_in_20_28, tx_sup_35, tx_inf_9) 0 0 1 0 0;
   (tx_in_28_40, tx_sup_35, tx_inf_9) 0 0 0 0 0;
   (tx_sup_40, tx_sup_35, tx_inf_9) 0 0 0 0 0;
   (tx_inf_15, tx_inf_15, tx_in_9_13) 0.26081 0.416411 0.322778 0 0;
   (tx_in_15_20, tx_inf_15, tx_in_9_13) 0 0 0 0 0;
   (tx_in_20_28, tx_inf_15, tx_in_9_13) 0 0 1 0 0;
   (tx_in_28_40, tx_inf_15, tx_in_9_13) 0 0 0 0 1;
   (tx_sup_40, tx_inf_15, tx_in_9_13) 0 0 0 0 0;
   (tx_inf_15, tx_in_15_23, tx_in_9_13) 0.252068 0.440706 0.307226 0 0;
   (tx_in_15_20, tx_in_15_23, tx_in_9_13) 0 0 1 0 0;
   (tx_in_20_28, tx_in_15_23, tx_in_9_13) 0 0 0 1 0;
   (tx_in_28_40, tx_in_15_23, tx_in_9_13) 0 0 0 0 0;
   (tx_sup_40, tx_in_15_23, tx_in_9_13) 0 0 0 1 0;
   (tx_inf_15, tx_in_23_30, tx_in_9_13) 0 0 0 1 0;
   (tx_in_15_20, tx_in_23_30, tx_in_9_13) 0 0.186904 0.175629 0.637468 0;
   (tx_in_20_28, tx_in_23_30, tx_in_9_13) 0 0 0.426793 0.573207 0;
   (tx_in_28_40, tx_in_23_30, tx_in_9_13) 0 0 0 1 0;
   (tx_sup_40, tx_in_23_30, tx_in_9_13) 0 0 0 1 0;
   (tx_inf_15, tx_in_30_35, tx_in_9_13) 0 0 0 0 0;
   (tx_in_15_20, tx_in_30_35, tx_in_9_13) 0 0 0 1 0;
   (tx_in_20_28, tx_in_30_35, tx_in_9_13) 0 0 0 1 0;
   (tx_in_28_40, tx_in_30_35, tx_in_9_13) 0 0 0 1 0;
   (tx_sup_40, tx_in_30_35, tx_in_9_13) 0 0 0 0 1;
   (tx_inf_15, tx_sup_35, tx_in_9_13) 0 0 0 0 0;
   (tx_in_15_20, tx_sup_35, tx_in_9_13) 0 0 0 0 0;
   (tx_in_20_28, tx_sup_35, tx_in_9_13) 0 0 0 1 0;
   (tx_in_28_40, tx_sup_35, tx_in_9_13) 0 0 0 0.43876 0.56124;
   (tx_sup_40, tx_sup_35, tx_in_9_13) 0 0 0 0 0;
   (tx_inf_15, tx_inf_15, tx_in_13_20) 0.192795 0.657741 0.149464 0 0;
   (tx_in_15_20, tx_inf_15, tx_in_13_20) 0.0025729 0 0 0.997427 0;
   (tx_in_20_28, tx_inf_15, tx_in_13_20) 0 0.185387 0 0.567067 0.247546;
   (tx_in_28_40, tx_inf_15, tx_in_13_20) 0 0 0 0 0;
   (tx_sup_40, tx_inf_15, tx_in_13_20) 0 0 0 0 0;
   (tx_inf_15, tx_in_15_23, tx_in_13_20) 0.0153417 0 0.432357 0.552301 0;
   (tx_in_15_20, tx_in_15_23, tx_in_13_20) 0 0 0 1 0;
   (tx_in_20_28, tx_in_15_23, tx_in_13_20) 0 0 0 0 0;
   (tx_in_28_40, tx_in_15_23, tx_in_13_20) 0 0 0.276236 0 0.723764;
   (tx_sup_40, tx_in_15_23, tx_in_13_20) 0 0 0 0 0;
   (tx_inf_15, tx_in_23_30, tx_in_13_20) 0 0 0 0 0;
   (tx_in_15_20, tx_in_23_30, tx_in_13_20) 0 0 0 0 0;
   (tx_in_20_28, tx_in_23_30, tx_in_13_20) 0 0 0 1 0;
   (tx_in_28_40, tx_in_23_30, tx_in_13_20) 0 0 0 0 0;
   (tx_sup_40, tx_in_23_30, tx_in_13_20) 0 0 0 0 0;
   (tx_inf_15, tx_in_30_35, tx_in_13_20) 0 0 0 0 0;
   (tx_in_15_20, tx_in_30_35, tx_in_13_20) 0 0 0 0 0;
   (tx_in_20_28, tx_in_30_35, tx_in_13_20) 0 0 0 1 0;
   (tx_in_28_40, tx_in_30_35, tx_in_13_20) 0 0 0 0 0;
   (tx_sup_40, tx_in_30_35, tx_in_13_20) 0 0 0 0 0;
   (tx_inf_15, tx_sup_35, tx_in_13_20) 0 0 0 0 0;
   (tx_in_15_20, tx_sup_35, tx_in_13_20) 0 0 0 0 0;
   (tx_in_20_28, tx_sup_35, tx_in_13_20) 0 0 0 0 0;
   (tx_in_28_40, tx_sup_35, tx_in_13_20) 0 0 0 0 0;
   (tx_sup_40, tx_sup_35, tx_in_13_20) 0 0 0 0 0;
   (tx_inf_15, tx_inf_15, tx_sup_20) 0 1 0 0 0;
   (tx_in_15_20, tx_inf_15, tx_sup_20) 0.445269 0.0871985 0 0.467532 0;
   (tx_in_20_28, tx_inf_15, tx_sup_20) 0 0.810526 0.189474 0 0;
   (tx_in_28_40, tx_inf_15, tx_sup_20) 0 0 0 1 0;
   (tx_sup_40, tx_inf_15, tx_sup_20) 0 0 0 0 0;
   (tx_inf_15, tx_in_15_23, tx_sup_20) 0 0 0 0 0;
   (tx_in_15_20, tx_in_15_23, tx_sup_20) 0 0 0 0 0;
   (tx_in_20_28, tx_in_15_23, tx_sup_20) 0 0 0 0 0;
   (tx_in_28_40, tx_in_15_23, tx_sup_20) 0 0 0 0 0;
   (tx_sup_40, tx_in_15_23, tx_sup_20) 0 0 0 0 0;
